 0 0 0 0
    1.38822510015185422022E-02    3.28560672133204820233E-02    1.47284247249378284599E-03   
    1.38822510015185422022E-02    1.00627399270572306933E-01   -8.69924515670671832934E-03   
    1.38822510015185422022E-02    1.75120240051294090433E-01   -1.06527858133055333689E-01   
    1.38822510015185422022E-02    2.62960536960024582331E-01    3.39981224179589591738E-01   
    1.38822510015185422022E-02    3.75546566711295215502E-01   -4.64396929285434634238E-01   
    1.38822510015185422022E-02    5.36336080687580762927E-01    3.34902334094803189046E-01   
    1.38822510015185422022E-02    8.05362211285977291908E-01   -1.28225318888386063954E-01   
    1.38822510015185422022E-02    1.40155886757460756975E+00    2.46699082325625360101E-02   
    1.38822510015185422022E-02    4.29251689963255955718E+00   -2.20620490825342366326E-03   
    4.25167992637221214824E-02    3.28560672133204820233E-02    9.38898708714668850384E-02   
    4.25167992637221214824E-02    1.00627399270572306933E-01   -4.04230170410413258697E-01   
    4.25167992637221214824E-02    1.75120240051294090433E-01    1.64400895860591922393E+00   
    4.25167992637221214824E-02    2.62960536960024582331E-01   -4.50114387928558201679E+00   
    4.25167992637221214824E-02    3.75546566711295215502E-01    6.14716025279154010263E+00   
    4.25167992637221214824E-02    5.36336080687580762927E-01   -4.50289008824269121334E+00   
    4.25167992637221214824E-02    8.05362211285977291908E-01    1.72002204866754415669E+00   
    4.25167992637221214824E-02    1.40155886757460756975E+00   -3.34223445703918820016E-01   
    4.25167992637221214824E-02    4.29251689963255955718E+00    2.88823120036661301624E-02   
    7.39913000559191957883E-02    3.28560672133204820233E-02   -4.20045309301169678129E-01   
    7.39913000559191957883E-02    1.00627399270572306933E-01    2.57847454049039770396E+00   
    7.39913000559191957883E-02    1.75120240051294090433E-01   -7.76846128147719650059E+00   
    7.39913000559191957883E-02    2.62960536960024582331E-01    1.47178558859117831759E+01   
    7.39913000559191957883E-02    3.75546566711295215502E-01   -1.89085366354291757318E+01   
    7.39913000559191957883E-02    5.36336080687580762927E-01    1.43788441412083258797E+01   
    7.39913000559191957883E-02    8.05362211285977291908E-01   -5.57951568187876745242E+00   
    7.39913000559191957883E-02    1.40155886757460756975E+00    1.14885750244009976484E+00   
    7.39913000559191957883E-02    4.29251689963255955718E+00   -9.27911242614010561836E-02   
    1.11105329614530928817E-01    3.28560672133204820233E-02    1.03670450801634372873E+00   
    1.11105329614530928817E-01    1.00627399270572306933E-01   -6.17526318570000221087E+00   
    1.11105329614530928817E-01    1.75120240051294090433E-01    1.85937273668694729167E+01   
    1.11105329614530928817E-01    2.62960536960024582331E-01   -2.66217828361740060927E+01   
    1.11105329614530928817E-01    3.75546566711295215502E-01    2.69730465463212460975E+01   
    1.11105329614530928817E-01    5.36336080687580762927E-01   -2.08912297931991304267E+01   
    1.11105329614530928817E-01    8.05362211285977291908E-01    8.24828882521307527043E+00   
    1.11105329614530928817E-01    1.40155886757460756975E+00   -1.95543150150518041386E+00   
    1.11105329614530928817E-01    4.29251689963255955718E+00    1.36480180472061951580E-01   
    1.58674855027417988085E-01    3.28560672133204820233E-02   -1.41231663834101262012E+00   
    1.58674855027417988085E-01    1.00627399270572306933E-01    7.73961233081189270422E+00   
    1.58674855027417988085E-01    1.75120240051294090433E-01   -2.41400360529181803315E+01   
    1.58674855027417988085E-01    2.62960536960024582331E-01    2.95158325019203076067E+01   
    1.58674855027417988085E-01    3.75546566711295215502E-01   -2.17883584857743279883E+01   
    1.58674855027417988085E-01    5.36336080687580762927E-01    1.56448554010868754460E+01   
    1.58674855027417988085E-01    8.05362211285977291908E-01   -6.24495085164056540350E+00   
    1.58674855027417988085E-01    1.40155886757460756975E+00    2.00969925171310315193E+00   
    1.58674855027417988085E-01    4.29251689963255955718E+00   -1.02460151420252013055E-01   
    2.26611177927500906382E-01    3.28560672133204820233E-02    1.13603452654690739720E+00   
    2.26611177927500906382E-01    1.00627399270572306933E-01   -5.24873847860645437180E+00   
    2.26611177927500906382E-01    1.75120240051294090433E-01    1.77768049664017091516E+01   
    2.26611177927500906382E-01    2.62960536960024582331E-01   -1.95573020515667401753E+01   
    2.26611177927500906382E-01    3.75546566711295215502E-01    1.07599310819355924451E+01   
    2.26611177927500906382E-01    5.36336080687580762927E-01   -7.20203727351448730332E+00   
    2.26611177927500906382E-01    8.05362211285977291908E-01    2.66030234845125956866E+00   
    2.26611177927500906382E-01    1.40155886757460756975E+00   -1.48257532441911199506E+00   
    2.26611177927500906382E-01    4.29251689963255955718E+00    4.44878443748422044979E-02   
    3.40279324717148834445E-01    3.28560672133204820233E-02   -5.26541690912698645555E-01   
    3.40279324717148834445E-01    1.00627399270572306933E-01    1.85477678008293755951E+00   
    3.40279324717148834445E-01    1.75120240051294090433E-01   -7.25389738499343561529E+00   
    3.40279324717148834445E-01    2.62960536960024582331E-01    7.29022488115272349063E+00   
    3.40279324717148834445E-01    3.75546566711295215502E-01   -3.03098753443362101123E+00   
    3.40279324717148834445E-01    5.36336080687580762927E-01    2.50029603526010602010E+00   
    3.40279324717148834445E-01    8.05362211285977291908E-01   -8.64936400129815652349E-01   
    3.40279324717148834445E-01    1.40155886757460756975E+00    8.36008361460710003321E-01   
    3.40279324717148834445E-01    4.29251689963255955718E+00   -1.73987232089559511194E-02   
    5.92182620845949303501E-01    3.28560672133204820233E-02    1.59075877295905165898E-01   
    5.92182620845949303501E-01    1.00627399270572306933E-01   -2.36527954412552254837E-01   
    5.92182620845949303501E-01    1.75120240051294090433E-01    1.65821796273680566181E+00   
    5.92182620845949303501E-01    2.62960536960024582331E-01   -1.48398737215077014540E+00   
    5.92182620845949303501E-01    3.75546566711295215502E-01    4.56559660035473935391E-01   
    5.92182620845949303501E-01    5.36336080687580762927E-01   -7.80152996062506431940E-01   
    5.92182620845949303501E-01    8.05362211285977291908E-01    1.12553555391020673748E-01   
    5.92182620845949303501E-01    1.40155886757460756975E+00   -3.03528475978817713354E-01   
    5.92182620845949303501E-01    4.29251689963255955718E+00    7.28763270553188860501E-03   
    1.81366189209646266889E+00    3.28560672133204820233E-02   -6.91412319611556108745E-02   
    1.81366189209646266889E+00    1.00627399270572306933E-01   -9.95964965564607590531E-02   
    1.81366189209646266889E+00    1.75120240051294090433E-01   -4.09976604525080778885E-01   
    1.81366189209646266889E+00    2.62960536960024582331E-01    3.03233916139457659877E-01   
    1.81366189209646266889E+00    3.75546566711295215502E-01   -1.41247010985784765547E-01   
    1.81366189209646266889E+00    5.36336080687580762927E-01    5.17004888930555961402E-01   
    1.81366189209646266889E+00    8.05362211285977291908E-01    8.38744686904225877910E-02   
    1.81366189209646266889E+00    1.40155886757460756975E+00    5.19327961490661516031E-02   
    1.81366189209646266889E+00    4.29251689963255955718E+00   -1.97101389086630322811E-03   
 1 1 1 1
    1.38822510015185422022E-02    4.23139357407548155621E-02   -5.77387291806508393143E-05   
    1.38822510015185422022E-02    1.31409427194108557879E-01    2.77124809813771851930E-05   
    1.38822510015185422022E-02    2.35971547639383383288E-01   -6.78395052514945719451E-05   
    1.38822510015185422022E-02    3.75546566711295215502E-01    9.51378901848577734250E-05   
    1.38822510015185422022E-02    5.97678937056319470322E-01   -7.63295430364955250491E-05   
    1.38822510015185422022E-02    1.07325042639683765344E+00    3.67439001085550232266E-05   
    1.38822510015185422022E-02    3.33306796684485684423E+00   -1.11666224206169741018E-05   
    4.25167992637221214824E-02    4.23139357407548155621E-02    4.54999275959557409341E-05   
    4.25167992637221214824E-02    1.31409427194108557879E-01   -5.34466360223568096033E-03   
    4.25167992637221214824E-02    2.35971547639383383288E-01    1.04493326155176025766E-02   
    4.25167992637221214824E-02    3.75546566711295215502E-01   -1.27040185358317913450E-02   
    4.25167992637221214824E-02    5.97678937056319470322E-01    8.85444520643641035107E-03   
    4.25167992637221214824E-02    1.07325042639683765344E+00   -3.61331071010356080775E-03   
    4.25167992637221214824E-02    3.33306796684485684423E+00    9.88446952493325127487E-04   
    7.39913000559191957883E-02    4.23139357407548155621E-02   -2.15281465198265218458E-04   
    7.39913000559191957883E-02    1.31409427194108557879E-01    1.58748349189926814262E-02   
    7.39913000559191957883E-02    2.35971547639383383288E-01   -6.28675865651147774971E-02   
    7.39913000559191957883E-02    3.75546566711295215502E-01    8.25067009010677643310E-02   
    7.39913000559191957883E-02    5.97678937056319470322E-01   -5.83435493150654058137E-02   
    7.39913000559191957883E-02    1.07325042639683765344E+00    2.42293623951707649822E-02   
    7.39913000559191957883E-02    3.33306796684485684423E+00   -6.52270519796564057780E-03   
    1.11105329614530928817E-01    4.23139357407548155621E-02    5.30327537458114288589E-04   
    1.11105329614530928817E-01    1.31409427194108557879E-01   -3.31886507974152381029E-02   
    1.11105329614530928817E-01    2.35971547639383383288E-01    1.35276712925300940382E-01   
    1.11105329614530928817E-01    3.75546566711295215502E-01   -2.23832779520893920822E-01   
    1.11105329614530928817E-01    5.97678937056319470322E-01    1.64712747135344284022E-01   
    1.11105329614530928817E-01    1.07325042639683765344E+00   -7.20154948272161699041E-02   
    1.11105329614530928817E-01    3.33306796684485684423E+00    1.93372922940572324058E-02   
    1.58674855027417988085E-01    4.23139357407548155621E-02   -7.46697760103488122896E-04   
    1.58674855027417988085E-01    1.31409427194108557879E-01    4.26227252515056082016E-02   
    1.58674855027417988085E-01    2.35971547639383383288E-01   -1.75690810025767557567E-01   
    1.58674855027417988085E-01    3.75546566711295215502E-01    2.81580433827989140561E-01   
    1.58674855027417988085E-01    5.97678937056319470322E-01   -2.35556403021547206000E-01   
    1.58674855027417988085E-01    1.07325042639683765344E+00    1.10088273279826467932E-01   
    1.58674855027417988085E-01    3.33306796684485684423E+00   -2.96725773525279498677E-02   
    2.26611177927500906382E-01    4.23139357407548155621E-02    6.36396663129424429092E-04   
    2.26611177927500906382E-01    1.31409427194108557879E-01   -3.31796013860754940294E-02   
    2.26611177927500906382E-01    2.35971547639383383288E-01    1.37640577035651079374E-01   
    2.26611177927500906382E-01    3.75546566711295215502E-01   -2.10836009891398890037E-01   
    2.26611177927500906382E-01    5.97678937056319470322E-01    1.69946546579711005309E-01   
    2.26611177927500906382E-01    1.07325042639683765344E+00   -9.36848205561715413614E-02   
    2.26611177927500906382E-01    3.33306796684485684423E+00    2.54515143123518958190E-02   
    3.40279324717148834445E-01    4.23139357407548155621E-02   -3.08734243712868424228E-04   
    3.40279324717148834445E-01    1.31409427194108557879E-01    1.54870270324381359428E-02   
    3.40279324717148834445E-01    2.35971547639383383288E-01   -6.48948205636529495965E-02   
    3.40279324717148834445E-01    3.75546566711295215502E-01    9.15963085419614075899E-02   
    3.40279324717148834445E-01    5.97678937056319470322E-01   -7.03780172183167129774E-02   
    3.40279324717148834445E-01    1.07325042639683765344E+00    4.52736509618592505855E-02   
    3.40279324717148834445E-01    3.33306796684485684423E+00   -1.26565637219057391949E-02   
    5.92182620845949303501E-01    4.23139357407548155621E-02    1.00295071964424776872E-04   
    5.92182620845949303501E-01    1.31409427194108557879E-01   -3.60619331732041012439E-03   
    5.92182620845949303501E-01    2.35971547639383383288E-01    1.97507018413021831482E-02   
    5.92182620845949303501E-01    3.75546566711295215502E-01   -1.78767304435659309114E-02   
    5.92182620845949303501E-01    5.97678937056319470322E-01    1.70707645987561336398E-02   
    5.92182620845949303501E-01    1.07325042639683765344E+00   -1.26507720333765161930E-02   
    5.92182620845949303501E-01    3.33306796684485684423E+00    3.71149504135897699217E-03   
    1.81366189209646266889E+00    4.23139357407548155621E-02   -2.75676501234281905564E-07   
    1.81366189209646266889E+00    1.31409427194108557879E-01    1.13740232564385089151E-03   
    1.81366189209646266889E+00    2.35971547639383383288E-01    1.35705261645999337994E-03   
    1.81366189209646266889E+00    3.75546566711295215502E-01    1.49360934247465253905E-02   
    1.81366189209646266889E+00    5.97678937056319470322E-01   -9.15791186887659341975E-03   
    1.81366189209646266889E+00    1.07325042639683765344E+00   -1.29750542835095931601E-03   
    1.81366189209646266889E+00    3.33306796684485684423E+00   -6.32037325144540421823E-04   
 2 2 0 0
    1.78783624041631006296E-02    4.94416434679135902153E-02   -2.35267542901128195916E-07   
    1.78783624041631006296E-02    1.55556481234470828090E-01   -1.53212828866421112443E-05   
    1.78783624041631006296E-02    2.88167015880417931584E-01    1.94117473688581704640E-05   
    1.78783624041631006296E-02    4.89421814421562406672E-01   -3.47949654039613406005E-06   
    1.78783624041631006296E-02    9.06649614657061175826E-01   -9.02966660888994715093E-06   
    1.78783624041631006296E-02    2.85255937861712816073E+00    1.22216140824072458783E-05   
    5.55227331509354285477E-02    4.94416434679135902153E-02    2.68638450200101114806E-05   
    5.55227331509354285477E-02    1.55556481234470828090E-01    1.65558293011603935676E-05   
    5.55227331509354285477E-02    2.88167015880417931584E-01   -1.20099398586854784823E-03   
    5.55227331509354285477E-02    4.89421814421562406672E-01    1.45944703152014326752E-03   
    5.55227331509354285477E-02    9.06649614657061175826E-01   -8.25679831360703973125E-04   
    5.55227331509354285477E-02    2.85255937861712816073E+00    3.29163153592960499704E-04   
    9.97020194863319358936E-02    4.94416434679135902153E-02   -1.16264584432701178194E-04   
    9.97020194863319358936E-02    1.55556481234470828090E-01    1.61630324936105256375E-03   
    9.97020194863319358936E-02    2.88167015880417931584E-01    1.45234263158977843639E-04   
    9.97020194863319358936E-02    4.89421814421562406672E-01   -4.87662139346872053336E-03   
    9.97020194863319358936E-02    9.06649614657061175826E-01    3.34753537419427583260E-03   
    9.97020194863319358936E-02    2.85255937861712816073E+00   -7.48160322184793485228E-04   
    1.58674855027417988085E-01    4.94416434679135902153E-02    2.27218506510281666308E-04   
    1.58674855027417988085E-01    1.55556481234470828090E-01   -3.82853824469113132589E-03   
    1.58674855027417988085E-01    2.88167015880417931584E-01    6.72061399301442097265E-03   
    1.58674855027417988085E-01    4.89421814421562406672E-01    6.17651423487407128313E-04   
    1.58674855027417988085E-01    9.06649614657061175826E-01   -3.57417239909253031671E-03   
    1.58674855027417988085E-01    2.85255937861712816073E+00   -2.12417988734228116096E-03   
    2.52529585134669221080E-01    4.94416434679135902153E-02   -2.32866158298473859955E-04   
    2.52529585134669221080E-01    1.55556481234470828090E-01    4.13409689163363007480E-03   
    2.52529585134669221080E-01    2.88167015880417931584E-01   -8.54935220487675583134E-03   
    2.52529585134669221080E-01    4.89421814421562406672E-01    4.45022418937102582498E-03   
    2.52529585134669221080E-01    9.06649614657061175826E-01    9.68275041540991670240E-04   
    2.52529585134669221080E-01    2.85255937861712816073E+00    7.48940424843354529000E-03   
    4.53466682728458414520E-01    4.94416434679135902153E-02    1.38072615107287115276E-04   
    4.53466682728458414520E-01    1.55556481234470828090E-01   -2.44258098415034213477E-03   
    4.53466682728458414520E-01    2.88167015880417931584E-01    5.80743687422983177748E-03   
    4.53466682728458414520E-01    4.89421814421562406672E-01   -3.19938491987794377744E-03   
    4.53466682728458414520E-01    9.06649614657061175826E-01   -6.64155275646071806966E-03   
    4.53466682728458414520E-01    2.85255937861712816073E+00   -7.06013414168630074053E-03   
    1.40827828907357610611E+00    4.94416434679135902153E-02   -7.54629938583547757317E-05   
    1.40827828907357610611E+00    1.55556481234470828090E-01    1.40828466621078910760E-03   
    1.40827828907357610611E+00    2.88167015880417931584E-01   -4.36489856236371015497E-03   
    1.40827828907357610611E+00    4.89421814421562406672E-01    5.41668465817087690928E-03   
    1.40827828907357610611E+00    9.06649614657061175826E-01   -3.23365513007424802347E-03   
    1.40827828907357610611E+00    2.85255937861712816073E+00   -2.56966463557291562719E-03   
 3 3 1 1
    2.08899409686775332229E-02    5.94807327843696262426E-02   -2.31042447771048035665E-08   
    2.08899409686775332229E-02    1.91350533209662193590E-01   -1.49707701131555314401E-07   
    2.08899409686775332229E-02    3.75546566711295215502E-01    4.67981886118902195071E-07   
    2.08899409686775332229E-02    7.37051637133978920779E-01   -6.66004214847252217613E-07   
    2.08899409686775332229E-02    2.37110770440445195462E+00    9.76077206155934072520E-07   
    6.57252769599412367540E-02    5.94807327843696262426E-02    3.48575366563629037793E-08   
    6.57252769599412367540E-02    1.91350533209662193590E-01   -1.43166057050594847019E-05   
    6.57252769599412367540E-02    3.75546566711295215502E-01    1.28640549692351649567E-05   
    6.57252769599412367540E-02    7.37051637133978920779E-01   -1.03135366392193502413E-05   
    6.57252769599412367540E-02    2.37110770440445195462E+00    1.39623803628117523865E-05   
    1.21755498576186838022E-01    5.94807327843696262426E-02   -2.87850011863284214273E-08   
    1.21755498576186838022E-01    1.91350533209662193590E-01    3.30866430051636757474E-05   
    1.21755498576186838022E-01    3.75546566711295215502E-01   -1.50248466559323390563E-04   
    1.21755498576186838022E-01    7.37051637133978920779E-01    1.22426799440385523183E-04   
    1.21755498576186838022E-01    2.37110770440445195462E+00   -1.63174056606202804798E-04   
    2.06789097103631053232E-01    5.94807327843696262426E-02    4.12627258812215113635E-10   
    2.06789097103631053232E-01    1.91350533209662193590E-01   -5.04241174918486581721E-05   
    2.06789097103631053232E-01    3.75546566711295215502E-01    1.99348257870799356077E-04   
    2.06789097103631053232E-01    7.37051637133978920779E-01   -3.20397386136187954306E-04   
    2.06789097103631053232E-01    2.37110770440445195462E+00    4.06911559696660960189E-04   
    3.83074987014777157412E-01    5.94807327843696262426E-02    5.65498978654043064534E-09   
    3.83074987014777157412E-01    1.91350533209662193590E-01    4.81397656505569741196E-05   
    3.83074987014777157412E-01    3.75546566711295215502E-01   -2.04467152499124418330E-04   
    3.83074987014777157412E-01    7.37051637133978920779E-01    3.22690109955032589182E-04   
    3.83074987014777157412E-01    2.37110770440445195462E+00   -4.19966795213135165275E-04   
    1.20525518266057618533E+00    5.94807327843696262426E-02    1.18191466513612078360E-08   
    1.20525518266057618533E+00    1.91350533209662193590E-01   -5.83226186235787970053E-05   
    1.20525518266057618533E+00    3.75546566711295215502E-01    2.60158600230763826285E-04   
    1.20525518266057618533E+00    7.37051637133978920779E-01   -4.13285948077184248778E-04   
    1.20525518266057618533E+00    2.37110770440445195462E+00    6.44116778950030587254E-04   
